0.5,306.0;
1.5,369.0;
2.5,621.0;
3.5,540.0;
4.5,360.0;
5.5,351.0;
6.5,333.0;
7.5,594.0;
8.5,342.0;
9.5,531.0;
10.5,495.0;
11.5,648.0;
12.5,729.0;
13.5,1215.0;
14.5,2565.0;
15.5,3186.0;
16.5,4905.0;
17.5,6930.0;
18.5,8793.0;
19.5,10665.0;
20.5,20700.0;
21.5,30204.0;
22.5,36000.0;
23.5,35685.0;
24.5,35388.0;
25.5,33165.0;
26.5,39402.0;
27.5,38664.0;
28.5,39501.0;
29.5,42579.0;
30.5,39843.0;
31.5,40275.0;
32.5,42273.0;
33.5,47232.0;
34.5,30735.0;
35.5,29232.0;
36.5,37818.0;
37.5,43146.0;
38.5,29034.0;
39.5,31671.0;
40.5,40698.0;
41.5,47763.0;
42.5,53973.0;
43.5,53307.0;
44.5,47952.0;
45.5,43974.0;
46.5,43344.0;
47.5,44118.0;
48.5,41922.0;
49.5,45009.0;
50.5,43362.0;
51.5,44649.0;
52.5,36657.0;
53.5,36369.0;
54.5,34533.0;
55.5,28503.0;
56.5,19719.0;
57.5,18495.0;
58.5,21438.0;
59.5,21564.0;
60.5,20799.0;
61.5,19584.0;
62.5,18711.0;
63.5,17487.0;
64.5,17424.0;
65.5,15588.0;
66.5,17523.0;
67.5,18396.0;
68.5,17946.0;
69.5,16794.0;
70.5,17541.0;
71.5,17928.0;
72.5,13095.0;
73.5,7029.0;
74.5,5949.0;
75.5,5616.0;
76.5,5256.0;
77.5,5904.0;
78.5,4275.0;
79.5,3222.0;
80.5,2916.0;
81.5,2430.0;
82.5,2106.0;
83.5,1989.0;
84.5,1656.0;
85.5,1872.0;
86.5,1611.0;
87.5,945.0;
88.5,891.0;
89.5,963.0;
90.5,756.0;
91.5,6291.0;
92.5,6453.0;
93.5,4590.0;
94.5,2664.0;
95.5,405.0;
96.5,522.0;
97.5,369.0;
98.5,1107.0;
99.5,630.0;
100.5,450.0;
101.5,477.0;
102.5,441.0;
103.5,414.0;
104.5,1386.0;
105.5,540.0;
106.5,459.0;
107.5,450.0;
108.5,477.0;
109.5,1008.0;
110.5,855.0;
111.5,1629.0;
112.5,3987.0;
113.5,4455.0;
114.5,6534.0;
115.5,8253.0;
116.5,10125.0;
117.5,12024.0;
118.5,18225.0;
119.5,26865.0;
120.5,33012.0;
121.5,32877.0;
122.5,31077.0;
123.5,31482.0;
124.5,33174.0;
125.5,32202.0;
126.5,36180.0;
127.5,34803.0;
128.5,37755.0;
129.5,35568.0;
130.5,34470.0;
131.5,31248.0;
132.5,30735.0;
133.5,28332.0;
134.5,29556.0;
135.5,27612.0;
136.5,28953.0;
137.5,32697.0;
138.5,41103.0;
139.5,45360.0;
140.5,44262.0;
141.5,48123.0;
142.5,43542.0;
143.5,40392.0;
144.5,41679.0;
145.5,40023.0;
146.5,35307.0;
147.5,40320.0;
148.5,36702.0;
149.5,33912.0;
150.5,29394.0;
151.5,26388.0;
152.5,26847.0;
153.5,24084.0;
154.5,18576.0;
155.5,16353.0;
156.5,17991.0;
157.5,18756.0;
158.5,17919.0;
159.5,16785.0;
160.5,17604.0;
161.5,14841.0;
162.5,15723.0;
163.5,14562.0;
164.5,14805.0;
165.5,14625.0;
166.5,14625.0;
167.5,15318.0;
168.5,14373.0;
169.5,12843.0;
170.5,10773.0;
171.5,5283.0;
172.5,4455.0;
173.5,3753.0;
174.5,3924.0;
175.5,4878.0;
176.5,3456.0;
177.5,3321.0;
178.5,3042.0;
179.5,2547.0;
180.5,2178.0;
181.5,2169.0;
182.5,2016.0;
183.5,1233.0;
184.5,1080.0;
185.5,1233.0;
186.5,2610.0;
187.5,4014.0;
188.5,2439.0;
189.5,441.0;
190.5,279.0;
191.5,684.0;
192.5,486.0;
193.5,414.0;
194.5,324.0;
195.5,576.0;
196.5,819.0;
197.5,513.0;
198.5,315.0;
199.5,522.0;
200.5,324.0;
201.5,369.0;
202.5,549.0;
203.5,1098.0;
204.5,333.0;
205.5,369.0;
206.5,477.0;
207.5,765.0;
208.5,819.0;
209.5,1683.0;
210.5,2880.0;
211.5,2511.0;
212.5,4500.0;
213.5,8037.0;
214.5,8163.0;
215.5,10260.0;
216.5,18441.0;
217.5,24903.0;
218.5,31599.0;
219.5,48330.0;
220.5,33309.0;
221.5,32508.0;
222.5,30051.0;
223.5,29511.0;
224.5,30798.0;
225.5,32265.0;
226.5,32445.0;
227.5,34218.0;
228.5,33273.0;
229.5,30033.0;
230.5,25524.0;
231.5,17838.0;
232.5,94347.0;
233.5,24138.0;
234.5,26163.0;
235.5,29376.0;
236.5,35874.0;
237.5,43578.0;
238.5,44163.0;
239.5,44964.0;
240.5,39996.0;
241.5,39744.0;
242.5,38376.0;
243.5,38232.0;
244.5,34524.0;
245.5,37044.0;
246.5,37539.0;
247.5,34731.0;
248.5,28233.0;
249.5,28854.0;
250.5,26577.0;
251.5,24030.0;
252.5,18666.0;
253.5,16164.0;
254.5,16479.0;
255.5,18279.0;
256.5,18198.0;
257.5,17595.0;
258.5,13671.0;
259.5,15651.0;
260.5,14463.0;
261.5,12915.0;
262.5,12996.0;
263.5,14319.0;
264.5,14427.0;
265.5,12069.0;
266.5,14445.0;
267.5,13383.0;
268.5,11529.0;
269.5,5247.0;
270.5,4950.0;
271.5,4671.0;
272.5,3663.0;
273.5,5103.0;
274.5,3447.0;
275.5,2997.0;
276.5,2781.0;
277.5,2448.0;
278.5,2601.0;
279.5,1782.0;
280.5,1584.0;
281.5,1665.0;
282.5,1125.0;
283.5,1197.0;
284.5,846.0;
285.5,3834.0;
286.5,2709.0;
287.5,396.0;
288.5,531.0;
289.5,585.0;
290.5,549.0;
291.5,450.0;
292.5,441.0;
293.5,675.0;
294.5,621.0;
295.5,405.0;
296.5,450.0;
297.5,459.0;
298.5,378.0;
299.5,333.0;
300.5,1242.0;
301.5,450.0;
302.5,297.0;
303.5,423.0;
304.5,432.0;
305.5,657.0;
306.5,594.0;
307.5,1107.0;
308.5,4167.0;
309.5,4293.0;
310.5,5634.0;
311.5,9171.0;
312.5,9045.0;
313.5,9702.0;
314.5,17793.0;
315.5,23814.0;
316.5,32094.0;
317.5,31815.0;
318.5,29286.0;
319.5,32823.0;
320.5,31176.0;
321.5,29961.0;
322.5,32490.0;
323.5,34641.0;
324.5,35136.0;
325.5,37593.0;
326.5,35712.0;
327.5,31140.0;
328.5,28584.0;
329.5,26865.0;
330.5,23823.0;
331.5,23526.0;
332.5,22455.0;
333.5,26901.0;
334.5,34299.0;
335.5,40752.0;
336.5,42480.0;
337.5,45864.0;
338.5,39006.0;
339.5,37953.0;
340.5,37215.0;
341.5,34677.0;
342.5,36135.0;
343.5,37269.0;
344.5,35136.0;
345.5,35640.0;
346.5,32472.0;
347.5,26937.0;
348.5,26352.0;
349.5,22761.0;
350.5,16110.0;
351.5,16497.0;
352.5,16362.0;
353.5,15264.0;
354.5,14319.0;
355.5,13752.0;
356.5,13140.0;
357.5,13266.0;
358.5,12933.0;
359.5,10503.0;
360.5,10908.0;
361.5,11385.0;
362.5,11727.0;
363.5,12168.0;
364.5,12276.0;
365.5,10134.0;
366.5,8919.0;
367.5,4860.0;
368.5,4464.0;
369.5,3807.0;
370.5,3933.0;
371.5,4743.0;
372.5,3366.0;
373.5,3384.0;
374.5,3276.0;
375.5,2124.0;
376.5,2142.0;
377.5,1449.0;
378.5,1638.0;
379.5,2034.0;
380.5,1224.0;
381.5,1125.0;
382.5,747.0;
383.5,630.0;
384.5,711.0;
385.5,594.0;
386.5,567.0;
387.5,450.0;
388.5,459.0;
389.5,5292.0;
390.5,2475.0;
391.5,396.0;
392.5,711.0;
393.5,531.0;
394.5,1395.0;
395.5,585.0;
396.5,666.0;
397.5,468.0;
398.5,963.0;
399.5,369.0;
400.5,432.0;
401.5,468.0;
402.5,441.0;
403.5,522.0;
404.5,729.0;
405.5,1512.0;
406.5,2853.0;
407.5,2871.0;
408.5,4608.0;
409.5,7290.0;
410.5,9009.0;
411.5,9171.0;
412.5,18495.0;
413.5,24957.0;
414.5,26379.0;
415.5,29097.0;
416.5,26730.0;
417.5,26478.0;
418.5,27927.0;
419.5,32103.0;
420.5,30978.0;
421.5,30915.0;
422.5,33921.0;
423.5,36369.0;
424.5,29880.0;
425.5,29403.0;
426.5,25326.0;
427.5,24642.0;
428.5,26172.0;
429.5,23346.0;
430.5,25281.0;
431.5,25344.0;
432.5,29124.0;
433.5,33534.0;
434.5,31365.0;
435.5,33372.0;
436.5,29034.0;
437.5,29880.0;
438.5,28593.0;
439.5,28044.0;
440.5,30636.0;
441.5,30852.0;
442.5,29466.0;
443.5,27342.0;
444.5,25416.0;
445.5,22221.0;
446.5,19584.0;
447.5,16758.0;
448.5,10341.0;
449.5,8325.0;
450.5,7173.0;
451.5,6885.0;
452.5,5931.0;
453.5,5238.0;
454.5,5436.0;
455.5,5211.0;
456.5,4023.0;
457.5,3888.0;
458.5,4455.0;
459.5,4149.0;
460.5,4266.0;
461.5,3591.0;
462.5,2826.0;
463.5,2916.0;
464.5,3276.0;
465.5,2160.0;
466.5,2520.0;
467.5,2385.0;
468.5,2205.0;
469.5,3708.0;
470.5,2466.0;
471.5,2718.0;
472.5,1989.0;
473.5,2331.0;
474.5,2124.0;
475.5,2322.0;
476.5,1791.0;
477.5,2106.0;
478.5,1602.0;
479.5,1584.0;
480.5,792.0;
481.5,2097.0;
482.5,3195.0;
483.5,990.0;
484.5,594.0;
485.5,1683.0;
486.5,855.0;
487.5,495.0;
488.5,549.0;
489.5,531.0;
490.5,540.0;
491.5,693.0;
492.5,324.0;
493.5,387.0;
494.5,288.0;
495.5,387.0;
496.5,594.0;
497.5,1422.0;
498.5,495.0;
499.5,432.0;
500.5,297.0;
501.5,459.0;
502.5,369.0;
503.5,855.0;
504.5,1989.0;
505.5,540.0;
506.5,936.0;
507.5,1134.0;
508.5,702.0;
509.5,918.0;
510.5,1017.0;
511.5,1332.0;
512.5,1467.0;
513.5,2178.0;
514.5,5445.0;
515.5,3330.0;
516.5,3123.0;
517.5,4590.0;
518.5,5418.0;
519.5,5958.0;
520.5,6282.0;
521.5,5463.0;
522.5,4716.0;
523.5,4662.0;
524.5,8757.0;
525.5,11538.0;
526.5,6696.0;
527.5,5814.0;
528.5,6552.0;
529.5,7569.0;
530.5,5526.0;
531.5,4005.0;
532.5,3906.0;
533.5,5049.0;
534.5,5490.0;
535.5,4833.0;
536.5,4230.0;
537.5,4077.0;
538.5,6174.0;
539.5,9594.0;
540.5,5769.0;
541.5,8028.0;
542.5,5895.0;
543.5,6354.0;
544.5,5499.0;
545.5,6156.0;
546.5,5418.0;
547.5,3888.0;
548.5,3447.0;
549.5,3474.0;
550.5,7209.0;
551.5,10233.0;
552.5,7587.0;
553.5,7164.0;
554.5,5706.0;
555.5,5319.0;
556.5,5193.0;
557.5,4680.0;
558.5,2421.0;
559.5,2745.0;
560.5,2565.0;
561.5,7092.0;
562.5,9522.0;
563.5,5778.0;
564.5,4968.0;
565.5,4743.0;
566.5,4005.0;
567.5,2619.0;
568.5,2205.0;
569.5,2088.0;
570.5,1782.0;
571.5,5022.0;
572.5,8883.0;
573.5,6903.0;
574.5,3285.0;
575.5,1818.0;
576.5,2097.0;
577.5,1053.0;
578.5,2115.0;
579.5,2205.0;
580.5,927.0;
581.5,873.0;
582.5,846.0;
583.5,828.0;
584.5,5562.0;
585.5,7533.0;
586.5,4239.0;
587.5,2448.0;
588.5,2952.0;
589.5,2817.0;
590.5,1341.0;
591.5,486.0;
592.5,306.0;
593.5,468.0;
594.5,7380.0;
595.5,7353.0;
596.5,3042.0;
597.5,2808.0;
598.5,2646.0;
599.5,1386.0;
600.5,432.0;
601.5,558.0;
602.5,576.0;
603.5,504.0;
604.5,7290.0;
605.5,6471.0;
606.5,7587.0;
607.5,2430.0;
608.5,3726.0;
609.5,3609.0;
610.5,2826.0;
611.5,1881.0;
612.5,2106.0;
613.5,2286.0;
614.5,3357.0;
615.5,3186.0;
616.5,4707.0;
617.5,4842.0;
618.5,5436.0;
619.5,5526.0;
620.5,5193.0;
621.5,7173.0;
622.5,12978.0;
623.5,11493.0;
624.5,7776.0;
625.5,7344.0;
626.5,7299.0;
627.5,6705.0;
628.5,4581.0;
629.5,5211.0;
630.5,5895.0;
631.5,5418.0;
632.5,5571.0;
633.5,4815.0;
634.5,5076.0;
635.5,5706.0;
636.5,4995.0;
637.5,5292.0;
638.5,4815.0;
639.5,10746.0;
640.5,12492.0;
641.5,11655.0;
642.5,8514.0;
643.5,7326.0;
644.5,6534.0;
645.5,6804.0;
646.5,5580.0;
647.5,4689.0;
648.5,5301.0;
649.5,4671.0;
650.5,9216.0;
651.5,11952.0;
652.5,10602.0;
653.5,7245.0;
654.5,7875.0;
655.5,6876.0;
656.5,6093.0;
657.5,4293.0;
658.5,3942.0;
659.5,4293.0;
660.5,9702.0;
661.5,11133.0;
662.5,7479.0;
663.5,6210.0;
664.5,5463.0;
665.5,5499.0;
666.5,3357.0;
667.5,3708.0;
668.5,3024.0;
669.5,3420.0;
670.5,3123.0;
671.5,1701.0;
