0.5,230634.0;
1.5,336057.0;
2.5,599728.0;
3.5,1143123.0;
4.5,1470804.0;
5.5,1815394.0;
6.5,1914720.0;
7.5,1909368.0;
8.5,2009946.0;
9.5,2257960.0;
10.5,2355829.0;
11.5,2348969.0;
12.5,2295723.0;
13.5,2125424.0;
14.5,2146729.0;
15.5,2235163.0;
16.5,2238001.0;
17.5,1904420.0;
18.5,1346292.0;
19.5,877469.0;
20.5,541861.0;
21.5,413596.0;
22.5,366473.0;
23.5,327288.0;
24.5,327524.0;
25.5,419689.0;
26.5,636194.0;
27.5,1141299.0;
28.5,1485320.0;
29.5,1844295.0;
30.5,1922043.0;
31.5,1924259.0;
32.5,2035031.0;
33.5,2291049.0;
34.5,2287088.0;
35.5,2084078.0;
36.5,2000216.0;
37.5,1939921.0;
38.5,1882211.0;
39.5,2094272.0;
40.5,2076089.0;
41.5,1813571.0;
42.5,1295952.0;
43.5,857155.0;
44.5,568648.0;
45.5,427880.0;
46.5,360039.0;
47.5,314180.0;
48.5,311121.0;
49.5,391157.0;
50.5,651393.0;
51.5,1157744.0;
52.5,1471071.0;
53.5,1761121.0;
54.5,1839806.0;
55.5,1796557.0;
56.5,1822289.0;
57.5,1961158.0;
58.5,1922281.0;
59.5,1839801.0;
60.5,1757037.0;
61.5,1637283.0;
62.5,1620708.0;
63.5,1651540.0;
64.5,1649116.0;
65.5,1526725.0;
66.5,1205575.0;
67.5,914817.0;
68.5,650198.0;
69.5,449638.0;
70.5,375591.0;
71.5,309237.0;
72.5,284595.0;
73.5,299137.0;
74.5,359301.0;
75.5,506993.0;
76.5,782676.0;
77.5,1117628.0;
78.5,1393894.0;
79.5,1488827.0;
80.5,1586359.0;
81.5,1622408.0;
82.5,1625528.0;
83.5,1650794.0;
84.5,1709537.0;
85.5,1650462.0;
86.5,1571513.0;
87.5,1553350.0;
88.5,1618519.0;
89.5,1545206.0;
90.5,1336858.0;
91.5,1010693.0;
92.5,725796.0;
93.5,492191.0;
94.5,392982.0;
95.5,292310.0;
96.5,238374.0;
97.5,231835.0;
98.5,300739.0;
99.5,449762.0;
100.5,783638.0;
101.5,1299982.0;
102.5,1757665.0;
103.5,1945906.0;
104.5,2110883.0;
105.5,2207069.0;
106.5,2182922.0;
107.5,2203528.0;
108.5,2336109.0;
109.5,2214520.0;
110.5,2284602.0;
111.5,2310985.0;
112.5,2243873.0;
113.5,1973833.0;
114.5,1437057.0;
115.5,965558.0;
116.5,596025.0;
117.5,394338.0;
118.5,316717.0;
119.5,256724.0;
120.5,243880.0;
121.5,335040.0;
122.5,589266.0;
123.5,1096931.0;
124.5,1495745.0;
125.5,1857130.0;
126.5,2001629.0;
127.5,2035654.0;
128.5,2105350.0;
129.5,2378767.0;
130.5,2397458.0;
131.5,2343121.0;
132.5,2082805.0;
133.5,2076275.0;
134.5,2086650.0;
135.5,2305521.0;
136.5,3214970.0;
137.5,1974534.0;
138.5,1375944.0;
139.5,881703.0;
140.5,524856.0;
141.5,366698.0;
142.5,299047.0;
143.5,255030.0;
144.5,236734.0;
145.5,335002.0;
146.5,624827.0;
147.5,1183221.0;
148.5,1540775.0;
149.5,1866638.0;
150.5,1968370.0;
151.5,1980302.0;
152.5,2088756.0;
153.5,2365157.0;
154.5,2376455.0;
155.5,2243709.0;
156.5,2111785.0;
157.5,2033818.0;
158.5,2103876.0;
159.5,2149353.0;
160.5,2161590.0;
161.5,1845526.0;
162.5,1295866.0;
163.5,802860.0;
164.5,513551.0;
165.5,358912.0;
166.5,293454.0;
167.5,249433.0;
168.5,246708.0;
169.5,340424.0;
170.5,610762.0;
171.5,1130999.0;
172.5,1495288.0;
173.5,1832182.0;
174.5,1961235.0;
175.5,1974944.0;
176.5,2063258.0;
177.5,2319320.0;
178.5,2389569.0;
179.5,2312107.0;
180.5,2154975.0;
181.5,2122080.0;
182.5,2123983.0;
183.5,2193930.0;
184.5,2141803.0;
185.5,1841925.0;
186.5,1291427.0;
187.5,829627.0;
188.5,529154.0;
189.5,329198.0;
190.5,281647.0;
191.5,254394.0;
192.5,240939.0;
193.5,332258.0;
194.5,606024.0;
195.5,1148934.0;
196.5,1490667.0;
197.5,1829920.0;
198.5,1931118.0;
199.5,1908010.0;
200.5,2007069.0;
201.5,2246347.0;
202.5,2319819.0;
203.5,2214114.0;
204.5,2144331.0;
205.5,2023133.0;
206.5,2001594.0;
207.5,2133893.0;
208.5,2119665.0;
209.5,1757742.0;
210.5,1280405.0;
211.5,836163.0;
212.5,518241.0;
213.5,350828.0;
214.5,283839.0;
215.5,251810.0;
216.5,236767.0;
217.5,327458.0;
218.5,594624.0;
219.5,1123227.0;
220.5,1452571.0;
221.5,1765070.0;
222.5,1845811.0;
223.5,1805429.0;
224.5,1833822.0;
225.5,1956505.0;
226.5,1933455.0;
227.5,1823020.0;
228.5,1753422.0;
229.5,1630780.0;
230.5,1592236.0;
231.5,1726854.0;
232.5,1695049.0;
233.5,1569574.0;
234.5,1283000.0;
235.5,919447.0;
236.5,611882.0;
237.5,417534.0;
238.5,326398.0;
239.5,264858.0;
240.5,231832.0;
241.5,242936.0;
242.5,311853.0;
243.5,464655.0;
244.5,758927.0;
245.5,1114993.0;
246.5,1417545.0;
247.5,1562143.0;
248.5,1657334.0;
249.5,1725772.0;
250.5,1699865.0;
251.5,1735448.0;
252.5,1771212.0;
253.5,1665863.0;
254.5,1608324.0;
255.5,1658475.0;
256.5,1671424.0;
257.5,1605946.0;
258.5,1423636.0;
259.5,1069128.0;
260.5,754122.0;
261.5,529945.0;
262.5,403535.0;
263.5,316249.0;
264.5,257335.0;
265.5,255283.0;
266.5,299498.0;
267.5,472574.0;
268.5,801462.0;
269.5,1315119.0;
270.5,1753836.0;
271.5,1954468.0;
272.5,2157766.0;
273.5,2271136.0;
274.5,2267568.0;
275.5,2291814.0;
276.5,2442038.0;
277.5,2435468.0;
278.5,2422902.0;
279.5,2509015.0;
280.5,2421315.0;
281.5,2213972.0;
282.5,1531493.0;
283.5,1020577.0;
284.5,653111.0;
285.5,454767.0;
286.5,380598.0;
287.5,323871.0;
288.5,318785.0;
289.5,401280.0;
290.5,639210.0;
291.5,1225075.0;
292.5,1613479.0;
293.5,1964927.0;
294.5,2100858.0;
295.5,2103245.0;
296.5,2213444.0;
297.5,2487953.0;
298.5,2554520.0;
299.5,2465453.0;
300.5,2306231.0;
301.5,2212612.0;
302.5,2186193.0;
303.5,2373915.0;
304.5,2344067.0;
305.5,2037794.0;
306.5,1444605.0;
307.5,919193.0;
308.5,588462.0;
309.5,407095.0;
310.5,335722.0;
311.5,285780.0;
312.5,259488.0;
313.5,361210.0;
314.5,625258.0;
315.5,1241727.0;
316.5,1597036.0;
317.5,1924900.0;
318.5,2042367.0;
319.5,2061790.0;
320.5,2152786.0;
321.5,2401865.0;
322.5,2476022.0;
323.5,2425504.0;
324.5,2353916.0;
325.5,2168304.0;
326.5,2227454.0;
327.5,2352498.0;
328.5,2252492.0;
329.5,1892516.0;
330.5,1345762.0;
331.5,847617.0;
332.5,521075.0;
333.5,368239.0;
334.5,314638.0;
335.5,279725.0;
336.5,263478.0;
337.5,350545.0;
338.5,621396.0;
339.5,1160471.0;
340.5,1517756.0;
341.5,1836134.0;
342.5,1935632.0;
343.5,1932875.0;
344.5,2020441.0;
345.5,2268351.0;
346.5,2353478.0;
347.5,2278266.0;
348.5,2239602.0;
349.5,2100163.0;
350.5,2130549.0;
351.5,2184040.0;
352.5,2134067.0;
353.5,1823886.0;
354.5,1330160.0;
355.5,892987.0;
356.5,551119.0;
357.5,405280.0;
358.5,362186.0;
359.5,296379.0;
360.5,279338.0;
361.5,377143.0;
362.5,652018.0;
363.5,1176034.0;
364.5,1537221.0;
365.5,1836761.0;
366.5,1938767.0;
367.5,1908034.0;
368.5,2023549.0;
369.5,2191653.0;
370.5,2223429.0;
371.5,2152451.0;
372.5,2126046.0;
373.5,2007820.0;
374.5,2020155.0;
375.5,2062091.0;
376.5,2063910.0;
377.5,1812366.0;
378.5,1302756.0;
379.5,856076.0;
380.5,541946.0;
381.5,392106.0;
382.5,324271.0;
383.5,282679.0;
384.5,278113.0;
385.5,345800.0;
386.5,575414.0;
387.5,1044893.0;
388.5,1391825.0;
389.5,1695041.0;
390.5,1819061.0;
391.5,1754899.0;
392.5,1763671.0;
393.5,1848487.0;
394.5,1828378.0;
395.5,1727918.0;
396.5,1654342.0;
397.5,1566092.0;
398.5,1558811.0;
399.5,1592963.0;
400.5,1580711.0;
401.5,1747448.0;
402.5,1482114.0;
403.5,1112525.0;
404.5,845794.0;
405.5,638472.0;
406.5,534623.0;
407.5,474398.0;
408.5,439557.0;
409.5,340361.0;
410.5,322343.0;
411.5,468353.0;
412.5,727094.0;
413.5,1052582.0;
414.5,1315294.0;
415.5,1417279.0;
416.5,1523603.0;
417.5,1541973.0;
418.5,1532600.0;
419.5,1560511.0;
420.5,1642890.0;
421.5,1608975.0;
422.5,1554114.0;
423.5,1568963.0;
424.5,1596727.0;
425.5,1549602.0;
426.5,1504453.0;
427.5,1111572.0;
428.5,788721.0;
429.5,543720.0;
430.5,416341.0;
431.5,310218.0;
432.5,263466.0;
433.5,268212.0;
434.5,316761.0;
435.5,483189.0;
436.5,808076.0;
437.5,1284995.0;
438.5,1702482.0;
439.5,1849780.0;
440.5,1981273.0;
441.5,2055894.0;
442.5,2016961.0;
443.5,2096384.0;
444.5,2174410.0;
445.5,2171677.0;
446.5,2211168.0;
447.5,2254952.0;
448.5,2163099.0;
449.5,1989902.0;
450.5,1469771.0;
451.5,1006278.0;
452.5,608149.0;
453.5,420141.0;
454.5,336944.0;
455.5,269608.0;
456.5,260132.0;
457.5,341745.0;
458.5,559966.0;
459.5,1007608.0;
460.5,1370488.0;
461.5,1689434.0;
462.5,1856395.0;
463.5,1881821.0;
464.5,2061163.0;
465.5,2239820.0;
466.5,2255217.0;
467.5,2164309.0;
468.5,2059410.0;
469.5,2016021.0;
470.5,2089689.0;
471.5,2280531.0;
472.5,2221500.0;
473.5,1974607.0;
474.5,1419089.0;
475.5,976821.0;
476.5,639500.0;
477.5,460881.0;
478.5,400325.0;
479.5,328793.0;
480.5,309366.0;
481.5,397971.0;
482.5,650055.0;
483.5,1087524.0;
484.5,1419903.0;
485.5,1695509.0;
486.5,1831700.0;
487.5,1833923.0;
488.5,1933844.0;
489.5,2087805.0;
490.5,2119158.0;
491.5,1997529.0;
492.5,1909890.0;
493.5,1829724.0;
494.5,1882558.0;
495.5,1952589.0;
496.5,1996749.0;
497.5,1736637.0;
498.5,1347911.0;
499.5,937962.0;
500.5,665860.0;
501.5,488834.0;
502.5,406793.0;
503.5,352685.0;
504.5,330501.0;
505.5,408281.0;
506.5,651669.0;
507.5,1069332.0;
508.5,1382525.0;
509.5,1619208.0;
510.5,1736006.0;
511.5,1735876.0;
512.5,1837199.0;
513.5,1943003.0;
514.5,1893887.0;
515.5,1737532.0;
516.5,1640501.0;
517.5,1549420.0;
518.5,1593432.0;
519.5,1626700.0;
520.5,1730168.0;
521.5,1631655.0;
522.5,1301415.0;
523.5,911683.0;
524.5,608614.0;
525.5,415480.0;
526.5,330378.0;
527.5,263589.0;
528.5,237513.0;
529.5,294570.0;
530.5,492018.0;
531.5,828289.0;
532.5,1136890.0;
533.5,1415707.0;
534.5,1549926.0;
535.5,1518543.0;
536.5,1619471.0;
537.5,1634500.0;
538.5,1758261.0;
539.5,1583695.0;
540.5,1538875.0;
541.5,1491582.0;
542.5,1508444.0;
543.5,1548313.0;
544.5,1614564.0;
545.5,1513068.0;
546.5,1301966.0;
547.5,969776.0;
548.5,664711.0;
549.5,447936.0;
550.5,361859.0;
551.5,281612.0;
552.5,247046.0;
553.5,274585.0;
554.5,361695.0;
555.5,481836.0;
556.5,692942.0;
557.5,934217.0;
558.5,1156389.0;
559.5,1249336.0;
560.5,1392744.0;
561.5,1478673.0;
562.5,1371749.0;
563.5,1234254.0;
564.5,1087935.0;
565.5,904117.0;
566.5,852505.0;
567.5,975228.0;
568.5,1085096.0;
569.5,1176629.0;
570.5,1102751.0;
571.5,968774.0;
572.5,715462.0;
573.5,487687.0;
574.5,356876.0;
575.5,272013.0;
576.5,239665.0;
577.5,246921.0;
578.5,286949.0;
579.5,406296.0;
580.5,650500.0;
581.5,965386.0;
582.5,1220977.0;
583.5,1244707.0;
584.5,1303892.0;
585.5,1373291.0;
586.5,1357790.0;
587.5,1359240.0;
588.5,1471363.0;
589.5,1529347.0;
590.5,1548414.0;
591.5,1560871.0;
592.5,1633084.0;
593.5,1720860.0;
594.5,1507247.0;
595.5,1154098.0;
596.5,838479.0;
597.5,580752.0;
598.5,432471.0;
599.5,335158.0;
600.5,277010.0;
601.5,276305.0;
602.5,309123.0;
603.5,423623.0;
604.5,699819.0;
605.5,1085856.0;
606.5,1348594.0;
607.5,1410289.0;
608.5,1493820.0;
609.5,1555841.0;
610.5,1526319.0;
611.5,1551124.0;
612.5,1672797.0;
613.5,1740099.0;
614.5,1726232.0;
615.5,1769285.0;
616.5,1794189.0;
617.5,1847099.0;
618.5,1566742.0;
619.5,1180292.0;
620.5,799840.0;
621.5,559294.0;
622.5,418359.0;
623.5,329482.0;
624.5,281007.0;
625.5,281088.0;
626.5,397979.0;
627.5,625238.0;
628.5,993615.0;
629.5,1387487.0;
630.5,1685767.0;
631.5,1754613.0;
632.5,1894723.0;
633.5,1988237.0;
634.5,1970244.0;
635.5,1857895.0;
636.5,1820145.0;
637.5,1780952.0;
638.5,1790988.0;
639.5,1824426.0;
640.5,1842163.0;
641.5,1785021.0;
642.5,1490855.0;
643.5,1175804.0;
644.5,808850.0;
645.5,562607.0;
646.5,411315.0;
647.5,335286.0;
648.5,271576.0;
649.5,305045.0;
650.5,463378.0;
651.5,712539.0;
652.5,1058105.0;
653.5,1445029.0;
654.5,1763517.0;
655.5,1848048.0;
656.5,1947404.0;
657.5,1988579.0;
658.5,1993085.0;
659.5,1894441.0;
660.5,1857620.0;
661.5,1790165.0;
662.5,1792167.0;
663.5,1832333.0;
664.5,1886429.0;
665.5,1772267.0;
666.5,1505431.0;
667.5,1141200.0;
668.5,772364.0;
669.5,552066.0;
670.5,415818.0;
671.5,342453.0;
672.5,281483.0;
673.5,313528.0;
674.5,465638.0;
675.5,736387.0;
676.5,1072672.0;
677.5,1461594.0;
678.5,1771809.0;
679.5,1839522.0;
680.5,1962278.0;
681.5,2027704.0;
682.5,2006368.0;
683.5,1830671.0;
684.5,1792030.0;
685.5,1726471.0;
686.5,1740733.0;
687.5,1802246.0;
688.5,1875037.0;
689.5,1819403.0;
690.5,1548562.0;
691.5,1211494.0;
692.5,856740.0;
693.5,581000.0;
694.5,423988.0;
695.5,343805.0;
696.5,289760.0;
697.5,319793.0;
698.5,436993.0;
699.5,679501.0;
700.5,1008100.0;
701.5,1395732.0;
702.5,1715906.0;
703.5,1743216.0;
704.5,1842391.0;
705.5,1894041.0;
706.5,1828608.0;
707.5,1734631.0;
708.5,1730025.0;
709.5,1657319.0;
710.5,1671358.0;
711.5,1675378.0;
712.5,1743124.0;
713.5,1714738.0;
714.5,1502027.0;
715.5,1170668.0;
716.5,838570.0;
717.5,564950.0;
718.5,405163.0;
719.5,322039.0;
720.5,260776.0;
721.5,266690.0;
722.5,325439.0;
723.5,469364.0;
724.5,729460.0;
725.5,1054025.0;
726.5,1320583.0;
727.5,1448760.0;
728.5,1619094.0;
729.5,1726400.0;
730.5,1740400.0;
731.5,1721128.0;
732.5,1624579.0;
733.5,1326675.0;
734.5,1017185.0;
735.5,893628.0;
736.5,894153.0;
737.5,914842.0;
738.5,756594.0;
739.5,513791.0;
740.5,661334.0;
741.5,553982.0;
742.5,410386.0;
743.5,315891.0;
744.5,237989.0;
745.5,216371.0;
746.5,213458.0;
747.5,272923.0;
748.5,430744.0;
749.5,679320.0;
750.5,977696.0;
751.5,1254528.0;
752.5,1475303.0;
753.5,1647179.0;
754.5,1685984.0;
755.5,1878133.0;
756.5,2064605.0;
757.5,2072668.0;
758.5,2035232.0;
759.5,2013364.0;
760.5,2009960.0;
761.5,2156550.0;
762.5,1908190.0;
763.5,1459702.0;
764.5,1010167.0;
765.5,697142.0;
766.5,507764.0;
767.5,372996.0;
768.5,304702.0;
769.5,275452.0;
770.5,296143.0;
771.5,422837.0;
772.5,723926.0;
773.5,1239078.0;
774.5,1678893.0;
775.5,1909525.0;
776.5,2107633.0;
777.5,2175300.0;
778.5,2201214.0;
779.5,2230111.0;
780.5,2371602.0;
781.5,2336399.0;
782.5,2337230.0;
783.5,2310621.0;
784.5,2249493.0;
785.5,2172155.0;
786.5,1802636.0;
787.5,1315264.0;
788.5,912938.0;
789.5,613918.0;
790.5,441537.0;
791.5,344453.0;
792.5,295468.0;
793.5,321390.0;
794.5,477101.0;
795.5,809342.0;
796.5,1254482.0;
797.5,1737506.0;
798.5,2093699.0;
799.5,2147307.0;
800.5,2335196.0;
801.5,2571651.0;
802.5,2316624.0;
803.5,2177003.0;
804.5,2152264.0;
805.5,2130949.0;
806.5,2058773.0;
807.5,2204178.0;
808.5,2048182.0;
809.5,1984831.0;
810.5,1705482.0;
811.5,1245956.0;
812.5,829361.0;
813.5,561961.0;
814.5,410898.0;
815.5,333161.0;
816.5,288182.0;
817.5,340505.0;
818.5,584423.0;
819.5,976658.0;
820.5,1418578.0;
821.5,1878294.0;
822.5,2173202.0;
823.5,2226911.0;
824.5,2437123.0;
825.5,2422247.0;
826.5,2325617.0;
827.5,2202324.0;
828.5,2023918.0;
829.5,1910715.0;
830.5,1951964.0;
831.5,1964507.0;
832.5,1999368.0;
833.5,1906063.0;
834.5,1562671.0;
835.5,1139286.0;
836.5,803434.0;
837.5,564269.0;
838.5,407702.0;
839.5,332901.0;
840.5,292866.0;
841.5,341730.0;
842.5,592788.0;
843.5,1022182.0;
844.5,1443717.0;
845.5,1916072.0;
846.5,2201363.0;
847.5,2288821.0;
848.5,2411001.0;
849.5,2511481.0;
850.5,2521046.0;
851.5,2386937.0;
852.5,2228409.0;
853.5,2077685.0;
854.5,2071332.0;
855.5,2173550.0;
856.5,2173783.0;
857.5,1941419.0;
858.5,1681840.0;
859.5,1209344.0;
860.5,857439.0;
861.5,577150.0;
862.5,432392.0;
863.5,346804.0;
864.5,304956.0;
865.5,346379.0;
866.5,552277.0;
867.5,942344.0;
868.5,1362322.0;
869.5,1802733.0;
870.5,2154621.0;
871.5,2232875.0;
872.5,2409955.0;
873.5,2539467.0;
874.5,2569325.0;
875.5,2461721.0;
876.5,2384491.0;
877.5,2259910.0;
878.5,2275999.0;
879.5,2317631.0;
880.5,2333962.0;
881.5,2158301.0;
882.5,1711844.0;
883.5,1221684.0;
884.5,834433.0;
885.5,573088.0;
886.5,422673.0;
887.5,344164.0;
888.5,292867.0;
889.5,345682.0;
890.5,576107.0;
891.5,1000279.0;
892.5,1414585.0;
893.5,1837788.0;
894.5,2093937.0;
895.5,2114714.0;
896.5,2202935.0;
897.5,2278350.0;
898.5,2280554.0;
899.5,2218456.0;
900.5,2115374.0;
901.5,1962489.0;
902.5,1922602.0;
903.5,2022762.0;
904.5,2021347.0;
905.5,2113218.0;
906.5,1618899.0;
907.5,1243051.0;
908.5,875087.0;
909.5,602006.0;
910.5,437531.0;
911.5,342831.0;
912.5,289342.0;
913.5,295550.0;
914.5,329080.0;
915.5,477025.0;
916.5,764945.0;
917.5,1138318.0;
918.5,1498634.0;
919.5,1666185.0;
920.5,1827817.0;
921.5,1932711.0;
922.5,1996197.0;
923.5,2051060.0;
924.5,2146332.0;
925.5,2119513.0;
926.5,2092345.0;
927.5,2000891.0;
928.5,1991666.0;
929.5,2012644.0;
930.5,1753709.0;
931.5,1370344.0;
932.5,985260.0;
933.5,668420.0;
934.5,475180.0;
935.5,364858.0;
936.5,287969.0;
937.5,278452.0;
938.5,321542.0;
939.5,457819.0;
940.5,804834.0;
941.5,1398964.0;
942.5,1926150.0;
943.5,2181185.0;
944.5,2400221.0;
945.5,2559639.0;
946.5,2601332.0;
947.5,2660114.0;
948.5,2784698.0;
949.5,2683886.0;
950.5,2685660.0;
951.5,2639479.0;
952.5,2505917.0;
953.5,2382560.0;
954.5,1743237.0;
955.5,1112374.0;
956.5,707989.0;
957.5,473510.0;
958.5,355393.0;
959.5,290609.0;
960.5,279733.0;
961.5,372321.0;
962.5,619499.0;
963.5,1154728.0;
964.5,1551385.0;
965.5,1940983.0;
966.5,2120511.0;
967.5,2184059.0;
968.5,2307690.0;
969.5,2652396.0;
970.5,2713182.0;
971.5,2666288.0;
972.5,2566953.0;
973.5,2436204.0;
974.5,2444067.0;
975.5,2768472.0;
976.5,2642668.0;
977.5,2248572.0;
978.5,1587095.0;
979.5,1015421.0;
980.5,633566.0;
981.5,433882.0;
982.5,339201.0;
983.5,298897.0;
984.5,282830.0;
985.5,390689.0;
986.5,715765.0;
987.5,1310675.0;
988.5,1708070.0;
989.5,2068787.0;
990.5,2224083.0;
991.5,2293397.0;
992.5,2399688.0;
993.5,2709818.0;
994.5,2825211.0;
995.5,2836821.0;
996.5,2680597.0;
997.5,2564007.0;
998.5,2583214.0;
999.5,2624803.0;
1000.5,2596258.0;
1001.5,2186198.0;
1002.5,1574444.0;
1003.5,989552.0;
1004.5,628478.0;
1005.5,428124.0;
1006.5,334375.0;
1007.5,273910.0;
1008.5,265635.0;
1009.5,374088.0;
1010.5,681858.0;
1011.5,1149563.0;
1012.5,1455807.0;
1013.5,1859987.0;
1014.5,2201153.0;
1015.5,2219770.0;
1016.5,2317525.0;
1017.5,2684680.0;
1018.5,2804392.0;
1019.5,2810622.0;
1020.5,2660326.0;
1021.5,2512987.0;
1022.5,2496198.0;
1023.5,2501017.0;
1024.5,2533127.0;
1025.5,2236188.0;
1026.5,1598994.0;
1027.5,989450.0;
1028.5,619022.0;
1029.5,410046.0;
1030.5,312892.0;
1031.5,271179.0;
1032.5,271157.0;
1033.5,374917.0;
1034.5,714440.0;
1035.5,1301274.0;
1036.5,1683916.0;
1037.5,2063008.0;
1038.5,2195619.0;
1039.5,2208199.0;
1040.5,2296522.0;
1041.5,2553475.0;
1042.5,2669026.0;
1043.5,2614828.0;
1044.5,2552657.0;
1045.5,2360954.0;
1046.5,2370656.0;
1047.5,2454244.0;
1048.5,2440277.0;
1049.5,2109609.0;
1050.5,1510405.0;
1051.5,974702.0;
1052.5,613261.0;
1053.5,394335.0;
1054.5,307828.0;
1055.5,261886.0;
1056.5,258724.0;
1057.5,369742.0;
1058.5,711116.0;
1059.5,1305316.0;
1060.5,1656263.0;
1061.5,1994499.0;
1062.5,2108249.0;
1063.5,2103520.0;
1064.5,2084216.0;
1065.5,2293114.0;
1066.5,2265205.0;
1067.5,2201708.0;
1068.5,2133106.0;
1069.5,2007911.0;
1070.5,1947820.0;
1071.5,2057109.0;
1072.5,2386718.0;
1073.5,1938652.0;
1074.5,1607014.0;
1075.5,1166768.0;
1076.5,794672.0;
1077.5,556516.0;
1078.5,416650.0;
1079.5,335778.0;
1080.5,285254.0;
1081.5,286627.0;
1082.5,374678.0;
1083.5,542565.0;
1084.5,880686.0;
1085.5,1311608.0;
1086.5,1649260.0;
1087.5,1780101.0;
1088.5,1907107.0;
1089.5,2040304.0;
1090.5,2013260.0;
1091.5,2064450.0;
1092.5,2153928.0;
1093.5,2151256.0;
1094.5,2095303.0;
1095.5,2019668.0;
1096.5,2015339.0;
1097.5,1964192.0;
1098.5,1770056.0;
1099.5,1405565.0;
1100.5,970394.0;
1101.5,653386.0;
1102.5,449737.0;
1103.5,348820.0;
1104.5,296096.0;
1105.5,308914.0;
1106.5,352790.0;
1107.5,526211.0;
1108.5,896232.0;
1109.5,1518715.0;
1110.5,2042343.0;
1111.5,2214106.0;
1112.5,2328930.0;
1113.5,2395011.0;
1114.5,2426492.0;
1115.5,2580173.0;
1116.5,2809077.0;
1117.5,2846625.0;
1118.5,2869998.0;
1119.5,2841491.0;
1120.5,2706292.0;
1121.5,2354400.0;
1122.5,1739464.0;
1123.5,1126029.0;
1124.5,699148.0;
1125.5,484921.0;
1126.5,357316.0;
1127.5,306856.0;
1128.5,287686.0;
1129.5,400571.0;
1130.5,713859.0;
1131.5,1340006.0;
1132.5,1772951.0;
1133.5,2201215.0;
1134.5,2320686.0;
1135.5,2394342.0;
1136.5,2477107.0;
1137.5,2794173.0;
1138.5,2883887.0;
1139.5,2831710.0;
1140.5,2696419.0;
1141.5,2532543.0;
1142.5,2535689.0;
1143.5,2892380.0;
1144.5,2701731.0;
1145.5,2244676.0;
1146.5,1604998.0;
1147.5,1007776.0;
1148.5,618869.0;
1149.5,422635.0;
1150.5,308775.0;
1151.5,259955.0;
1152.5,273205.0;
1153.5,398472.0;
1154.5,753702.0;
1155.5,1395625.0;
1156.5,1759559.0;
1157.5,2142342.0;
1158.5,2277138.0;
1159.5,2344171.0;
1160.5,2411662.0;
1161.5,2706160.0;
1162.5,2843305.0;
1163.5,2754098.0;
1164.5,2622920.0;
1165.5,2497140.0;
1166.5,2500355.0;
1167.5,2532225.0;
1168.5,2522422.0;
1169.5,2166088.0;
1170.5,1564697.0;
1171.5,961433.0;
1172.5,582794.0;
1173.5,375145.0;
1174.5,287507.0;
1175.5,247544.0;
1176.5,253381.0;
1177.5,370828.0;
1178.5,724905.0;
1179.5,1364666.0;
1180.5,1760471.0;
1181.5,2155637.0;
1182.5,2290780.0;
1183.5,2334924.0;
1184.5,2406570.0;
1185.5,2734249.0;
1186.5,2804498.0;
1187.5,2728295.0;
1188.5,2652074.0;
1189.5,2445943.0;
1190.5,2429133.0;
1191.5,2559853.0;
1192.5,2622440.0;
1193.5,2070184.0;
1194.5,1537125.0;
1195.5,926271.0;
1196.5,574405.0;
1197.5,397330.0;
1198.5,301810.0;
1199.5,263797.0;
1200.5,244439.0;
1201.5,368981.0;
1202.5,709196.0;
1203.5,1357367.0;
1204.5,1749747.0;
1205.5,2129708.0;
1206.5,2207443.0;
1207.5,2239233.0;
1208.5,2348607.0;
1209.5,2616974.0;
1210.5,2677661.0;
1211.5,2627522.0;
1212.5,2506954.0;
1213.5,2343377.0;
1214.5,2355552.0;
1215.5,2490610.0;
1216.5,2463365.0;
1217.5,2097529.0;
1218.5,1487435.0;
1219.5,945377.0;
1220.5,603258.0;
1221.5,409403.0;
1222.5,307939.0;
1223.5,261249.0;
1224.5,252330.0;
1225.5,389555.0;
1226.5,737048.0;
1227.5,1356074.0;
1228.5,1705822.0;
1229.5,2049414.0;
1230.5,2170417.0;
1231.5,2106083.0;
1232.5,2124522.0;
1233.5,2301800.0;
1234.5,2300174.0;
1235.5,2193526.0;
1236.5,2083113.0;
1237.5,1955701.0;
1238.5,1920111.0;
1239.5,2109522.0;
1240.5,1908733.0;
1241.5,1767478.0;
1242.5,1454937.0;
1243.5,1099016.0;
1244.5,756830.0;
1245.5,505610.0;
1246.5,362600.0;
1247.5,300077.0;
1248.5,276516.0;
1249.5,287980.0;
1250.5,398491.0;
1251.5,602744.0;
1252.5,934343.0;
1253.5,1299114.0;
1254.5,1641561.0;
1255.5,1795895.0;
1256.5,1882851.0;
1257.5,1993868.0;
1258.5,1978305.0;
1259.5,2032910.0;
1260.5,2125136.0;
1261.5,2064229.0;
1262.5,1933027.0;
1263.5,1952052.0;
1264.5,2030774.0;
1265.5,1949929.0;
1266.5,1588445.0;
1267.5,1228716.0;
1268.5,867204.0;
1269.5,584684.0;
1270.5,421531.0;
1271.5,328395.0;
1272.5,263715.0;
1273.5,250641.0;
1274.5,319500.0;
1275.5,499631.0;
1276.5,900173.0;
1277.5,1495496.0;
1278.5,2045907.0;
1279.5,2288715.0;
1280.5,2436590.0;
1281.5,2587482.0;
1282.5,2602860.0;
1283.5,2747691.0;
1284.5,2932872.0;
1285.5,2824194.0;
1286.5,2757202.0;
1287.5,2730410.0;
1288.5,2629383.0;
1289.5,2285040.0;
1290.5,1758912.0;
1291.5,1150428.0;
1292.5,695839.0;
1293.5,448781.0;
1294.5,334494.0;
1295.5,277782.0;
1296.5,271174.0;
1297.5,379722.0;
1298.5,689773.0;
1299.5,1325541.0;
1300.5,1758003.0;
1301.5,2212302.0;
1302.5,2362402.0;
1303.5,2387110.0;
1304.5,2498366.0;
1305.5,2844485.0;
1306.5,2946601.0;
1307.5,2897779.0;
1308.5,2731176.0;
1309.5,2537096.0;
1310.5,2564253.0;
1311.5,3695186.0;
1312.5,2760400.0;
1313.5,2147587.0;
1314.5,1523503.0;
1315.5,977927.0;
1316.5,606302.0;
1317.5,411008.0;
1318.5,308779.0;
1319.5,270462.0;
1320.5,258020.0;
1321.5,403837.0;
1322.5,725849.0;
1323.5,1364506.0;
1324.5,1751075.0;
1325.5,2148038.0;
1326.5,2293277.0;
1327.5,2304969.0;
1328.5,2414996.0;
1329.5,2738515.0;
1330.5,2856916.0;
1331.5,2755720.0;
1332.5,2604310.0;
1333.5,2480908.0;
1334.5,2625219.0;
1335.5,2652983.0;
1336.5,2545258.0;
1337.5,2060022.0;
1338.5,1540675.0;
1339.5,992983.0;
1340.5,608490.0;
1341.5,407414.0;
1342.5,300852.0;
1343.5,262461.0;
1344.5,266406.0;
1345.5,370121.0;
1346.5,728994.0;
1347.5,1389956.0;
1348.5,1797575.0;
1349.5,2186791.0;
1350.5,2349275.0;
1351.5,2359053.0;
1352.5,2439807.0;
1353.5,2730323.0;
1354.5,2830599.0;
1355.5,2760452.0;
1356.5,2632849.0;
1357.5,2481610.0;
1358.5,2466685.0;
1359.5,2444563.0;
1360.5,2423750.0;
1361.5,2038071.0;
1362.5,1516400.0;
1363.5,1131129.0;
1364.5,623622.0;
1365.5,432224.0;
1366.5,333831.0;
1367.5,282659.0;
1368.5,268988.0;
1369.5,354346.0;
1370.5,652417.0;
1371.5,1231896.0;
1372.5,1579160.0;
1373.5,1924517.0;
1374.5,2011840.0;
1375.5,2061611.0;
1376.5,2116058.0;
1377.5,2321931.0;
1378.5,2384631.0;
1379.5,2300744.0;
1380.5,2169299.0;
1381.5,1985303.0;
1382.5,2014150.0;
1383.5,2124749.0;
1384.5,2183315.0;
1385.5,1779160.0;
1386.5,1358396.0;
1387.5,865322.0;
1388.5,562164.0;
1389.5,417514.0;
1390.5,303665.0;
1391.5,238003.0;
1392.5,224807.0;
1393.5,326151.0;
1394.5,623104.0;
1395.5,1146039.0;
1396.5,1434621.0;
1397.5,1707047.0;
1398.5,1850680.0;
1399.5,1808687.0;
1400.5,1846900.0;
1401.5,1978665.0;
1402.5,1957547.0;
1403.5,1843791.0;
1404.5,1746493.0;
1405.5,1638221.0;
1406.5,1603675.0;
1407.5,2100820.0;
1408.5,1703787.0;
1409.5,1574551.0;
1410.5,1249208.0;
1411.5,950760.0;
1412.5,657961.0;
1413.5,477478.0;
1414.5,357208.0;
1415.5,266538.0;
1416.5,227321.0;
1417.5,241705.0;
1418.5,305419.0;
1419.5,467251.0;
1420.5,765351.0;
1421.5,1142767.0;
1422.5,1415280.0;
1423.5,1480323.0;
1424.5,1548444.0;
1425.5,1650729.0;
1426.5,1642258.0;
1427.5,1703551.0;
1428.5,1757808.0;
1429.5,1797789.0;
1430.5,1687594.0;
1431.5,1707956.0;
1432.5,1837404.0;
1433.5,1689885.0;
1434.5,1428378.0;
1435.5,1124855.0;
1436.5,806544.0;
1437.5,523324.0;
1438.5,369746.0;
1439.5,287822.0;
1440.5,242194.0;
1441.5,244711.0;
1442.5,294936.0;
1443.5,461456.0;
1444.5,800691.0;
1445.5,1328413.0;
1446.5,1735624.0;
1447.5,1874956.0;
1448.5,2019444.0;
1449.5,2103780.0;
1450.5,2111715.0;
1451.5,2251193.0;
1452.5,2328391.0;
1453.5,2333931.0;
1454.5,2356359.0;
1455.5,2331667.0;
1456.5,2239696.0;
1457.5,1993601.0;
1458.5,1468413.0;
1459.5,986441.0;
1460.5,652884.0;
1461.5,468798.0;
1462.5,332189.0;
1463.5,272772.0;
1464.5,246766.0;
1465.5,323946.0;
1466.5,587694.0;
1467.5,1088336.0;
1468.5,1465613.0;
1469.5,1825339.0;
1470.5,2012965.0;
1471.5,2034713.0;
1472.5,2124374.0;
1473.5,2329654.0;
1474.5,2427441.0;
1475.5,2304182.0;
1476.5,2413865.0;
1477.5,2205588.0;
1478.5,2023847.0;
1479.5,2235734.0;
1480.5,2115516.0;
1481.5,1777896.0;
1482.5,1294920.0;
